478082951398293515
478082951398293515
537535143599144963
537535143599144963
545493880163008524
566597858266972189
566597858266972189
580961867674157066
580961867674157066
597030571360780288
597030571360780288
619565966673707023
619565966673707023
641541666636955649
641541666636955649
643030924027625473
643030924027625473
648174554908327955
648174554908327955
661033646362329101
667395553080115240
667809436106227737
667809436106227737
692330195037716522
692330195037716522
697049949514235954
697049949514235954
698945903498625135
698945903498625135
711596738133360762
711596738133360762
712592049857232926
712757853957652510
712757853957652510
719910684502261832
721356269952303184
721356269952303184
726017437132259329
727224057430278246
727224057430278246
734312696438063104
738986250647765072
738986250647765072
743762391959076916
746702628490051745
750645630489198642
751125392663904326
751125392663904326
751872043233968198
755316180096516136
755316180096516136
762195972839047228
762195972839047228
764058092228182037
764058092228182037
764392649485713409
764690917876957223
770911814267437076
770911814267437076
779643815216676875
779643815216676875
785737316348985385
785737316348985385
786622316016697394
787926860058591282
787926860058591282
789447268574167071
789476750337376257
793097620494876704
793097620494876704
797029591628644362
797498908976611392
800046229739536464
800046229739536464
803275918063042560
803275918063042560
804401481822109727
804401481822109727
808279640056922153
808279640056922153
809830623811338320
810802705043685387
810802705043685387
819829912697176074
820903853704478733
820903853704478733
822070669936295938
823241488476799016
823241488476799016
825388204458115117
825388204458115117
829181230749974529
833084256402014218
833084256402014218
833680949110636575
833680949110636575
835406828913426486
835406828913426486
836147250966298624
839921635997909032
843484647996391446
843880406432481280
843880406432481280
848464871157661717
848464871157661717
849341985781055488
849341985781055488
849530001212702730
849530001212702730
849966348377129032
850730747572912128
850730747572912128
852165215700647968
852165215700647968
853605906130665472
853605906130665472
857626472931917854
858460246212476968
858460246212476968
861629005736575006
861629005736575006
864105620838547466
864105620838547466
864417602822602762
864417602822602762
865594352461938728
866028399129657376
870521170611535924
870521170611535924
875055337533755434
875055337533755434
875328798432837642
876762667015090206
876762667015090206
878222388393803797
878222388393803797
878479706561871902
878540445813194804
878540445813194804
879547742467264612
882221301668937728
882221301668937728
883595521871187978
884877274183262208
884877274183262208
887576917803401306
887576917803401306
889826531138998283
889826531138998283
889990599619543061
891024092449341461
891024092449341461
893470187238592582
893470187238592582
897034689464905758
897034689464905758
898490375654760499
898490375654760499
901052090250592286
901052090250592286
901787840524988446
901787840524988446
902449778225451058
903688779632607243
903688779632607243
904582596619558973
905787188430655498
905787188430655498
906399226735521813
906399226735521813
912937274843480064
914438280165076993
914438280165076993
916916283096825898
916916283096825898
919140855800025139
920120442382073857
922075735240376421
922075735240376421
922405012246769735
922405012246769735
927210490881527851
929037417682440212
929037417682440212
929420011817271326
930866809526161438
931107004125159424
931791880302260264
931791880302260264
933374995118325841
933374995118325841
935155359495102465
935155359495102465
936573987671121990
936573987671121990
939135543843913739
939177837468991558
945944903630852117
945944903630852117
945996689163059230
945996689163059230
949552049580806154
949552049580806154
951496997548994570
952895133047726111
952895133047726111
956096590458794005
956096590458794005
957539744156364841
957539744156364841
957994819307864145
958054268580012054
958247965410074654
958247965410074654
958310865357115472
961194238534623262
961194238534623262
961876883543326720
962120273014976562
965577801799434340
966719079266258984
966719079266258984
967010945115258921
967010945115258921
967693716464742420
968014685360226314
968014685360226314
968807254117740574
968807254117740574
969128453024661505
971053138276655156
972435578429767692
972435578429767692
984142625688936518
984142625688936518
986239655303323669
986239655303323669
986952893519245392
986952893519245392
987744535893401610
987744535893401610
990255680915120200
994839098542018600
995258984686702655
995258984686702655
1002960117572051026
1010910932504956979
1010910932504956979
1012001500970622986
1012001500970622986
1012365432566579271
1015228288081350656
1015228288081350656
1018353786441449522
1018353786441449522
1019659052470501416
1019659052470501416
1020721052541788214
1025749607369682945
1025749607369682945
1028260851297288243
1028266191158001735
1028266191158001735
1028987987826053142
1028987987826053142
1029052361517309982
1029052361517309982
1030670616707207249
1030670616707207249
1032354796562296932
1034100212324630528
1034100212324630528
1034859418162049186
1034859418162049186
1036905705829048371
1037313352285823036
1037313352285823036
1039454213509500951
1039454213509500951
1046453559132164097
1048775001710542868
1048775001710542868
1049532452483379290
1049532452483379290
1053633557408514048
1053633557408514048
1053705163912773712
1053705163912773712
1056116549813014528
1056644267625431051
1056644267625431051
1058421560790233198
1058421560790233198
1058605441090867230
1058605441090867230
1059852628722454680
1059852628722454680
1062619925660827718
1062757247320592565
1064474325450756116
1065654378830254110
1066015885682282516
1068135528484061225
1068539554568605737
1069146283937370132
1069146283937370132
1069499344920788992
1069499344920788992
1070427913431818310
1070960976695926904
1071090645889974383
1071090645889974383
1071414823977492553
1071848102929113118
1072849544590655548
1079337457369227295
1079337457369227295
1079418542019063928
1079418542019063928
1081087694265921556
1081437434287509504
1081437434287509504
1081927076942188625
1083982524411281481
1083982524411281481
1085455078938398811
1088395754835558430
1093878937463050280
1094545763486421032
1094545763486421032
1095937708532183040
1095937708532183040
1096670384927035442
1096670384927035442
1096688416252493835
1096688416252493835
1097538445838123098
1097868483066339409
1099552109235556442
1100673113244565545
1100673113244565545
1100994145411137566
1100994145411137566
1101366679054860331
1101888869080760390
1104681833989406831
1104681833989406831
1105752356613799936
1108788764970598482
1109529079520170014
1109529079520170014
1111435172110422067
1111435172110422067
1112604300976345202
1112604300976345202
1113417490408685650
1113417490408685650
1113651295333646437
1115951954418487341
1115951954418487341
1116637492976820244
1116637492976820244
1117030742338318346
1124014300428771408
1124014300428771408
1125838213718757478
1125838213718757478
1126836986322366555
1126836986322366555
1127945932844044511
1128212792688791632
1130916901967630376
1131518238522621974
1132206391654883420
1132206391654883420
1132689824244056095
1132689824244056095
1136006846533091489
1136219555207852042
1136713028985966634
1136713028985966634
1137111380919582842
1137111380919582842
1138125000004616293
1138125000004616293
1138137526335455273
1139239668236435466
1139239668236435466
1139552861852807201
1139552861852807201
1139558508535218176
1141398544171929650
1145373457878634577
1145373457878634577
1145491388885123153
1145491388885123153
1146751317226827956
1147797473650286632
1149435820265189448
1149435820265189448
1149792167477379244
1150135508668780676
1154468385049018378
1154468385049018378
1154622586320322721
1154622586320322721
1157982122900992050
1159074397634695178
1159806734106365994
1159806734106365994
1161377691094761612
1161377691094761612
1162871544796688484
1162871544796688484
1162911218059714721
1162911225668173957
1162911231007535115
1162911244601262220
1162911307406782544
1163012464544329768
1163012468415680582
1163012468994482276
1163105774248136734
1163105774248136734
1163124803230761060
1164689515550625846
1164689515550625846
1166290563851632693
1166290563851632693
1167358363231854669
1167358363231854669
1167395649487126578
1167395649487126578
1168227432185200660
1168227432185200660
1170371611841548388
1170371611841548388
1171822275985682527
1172532452103835739
1172532452103835739
1174960501030129795
1174960501030129795
1177448653900746772
1177904882590695444
1177935599915761727
1177935599915761727
1180330131236065325
1180330131236065325
1181236990281261089
1181236990281261089
1181267501741514844
1181267501741514844
1185267230380933170
1185267230380933170
1185545285565431870
1187342158173323276
1187342158173323276
1187398011907751999
1187573543177830491
1187573543177830491
1189584717750743041
1189584717750743041
1189918908023586910
1190547328357109770
1190547328357109770
1193109583934275594
1193109583934275594
1193932320219078668
1194282101701361735
1194282101701361735
1195276612413947935
1195276612413947935
1195686669542768744
1195686669542768744
1196455786323398707
1198227654265012378
1198267202747514950
1198930847571640390
1198930847571640390
1199745665065042030
